   0.00000000       0.00000000    
   0.00000000       5.26293665E-02
   0.00000000      0.105255201    
   0.00000000      0.157882005    
   0.00000000      0.210506901    
   0.00000000      0.263132572    
   0.00000000      0.315758467    
   0.00000000      0.368384302    
   0.00000000      0.421010524    
   0.00000000      0.473637342    
   0.00000000      0.526264846    
   0.00000000      0.578893304    
   0.00000000      0.631522954    
   0.00000000      0.684154153    
   0.00000000      0.736787081    
   0.00000000      0.789421856    
   0.00000000      0.842059016    
   0.00000000      0.894699454    
   0.00000000      0.947343469    
   2.23454088E-04   1.00000000    

   6.35123253E-02   0.00000000    
   6.34466186E-02   5.26328087E-02
   6.34049177E-02  0.105264604    
   6.33776411E-02  0.157896012    
   6.33596554E-02  0.210526541    
   6.33478537E-02  0.263156712    
   6.33402094E-02  0.315786451    
   6.33353740E-02  0.368415713    
   6.33324385E-02  0.421044737    
   6.33308366E-02  0.473673522    
   6.33303449E-02  0.526302218    
   6.33310229E-02  0.578931034    
   6.33334070E-02  0.631560147    
   6.33386225E-02  0.684189677    
   6.33487254E-02  0.736820281    
   6.33675307E-02  0.789451957    
   6.34026751E-02  0.842085183    
   6.34700134E-02  0.894720435    
   6.36003166E-02  0.947358489    
   6.38587698E-02   1.00000000    

  0.126972482       0.00000000    
  0.126866966       5.26375361E-02
  0.126794711      0.105274580    
  0.126745880      0.157910973    
  0.126713336      0.210546494    
  0.126691937      0.263181120    
  0.126678124      0.315814793    
  0.126669362      0.368447334    
  0.126663953      0.421078861    
  0.126660839      0.473709375    
  0.126659483      0.526338995    
  0.126659945      0.578967750    
  0.126662970      0.631595969    
  0.126670241      0.684223711    
  0.126684785      0.736851454    
  0.126711875      0.789479434    
  0.126760423      0.842107952    
  0.126843557      0.894737482    
  0.126977846      0.947368085    
  0.127182931       1.00000000    

  0.190383017       0.00000000    
  0.190249979       5.26429974E-02
  0.190158293      0.105285548    
  0.190096274      0.157927275    
  0.190055147      0.210567862    
  0.190028429      0.263207078    
  0.190011397      0.315844744    
  0.190000623      0.368480563    
  0.189993843      0.421114564    
  0.189989522      0.473746598    
  0.189986795      0.526376903    
  0.189985543      0.579005420    
  0.189986289      0.631632268    
  0.189990640      0.684257805    
  0.190001249      0.736882329    
  0.190022305      0.789506078    
  0.190059572      0.842129409    
  0.190120280      0.894752681    
  0.190213919      0.947376251    
  0.190355748       1.00000000    

  0.253727227       0.00000000    
  0.253584206       5.26492223E-02
  0.253487110      0.105297923    
  0.253422737      0.157945558    
  0.253381103      0.210591674    
  0.253354967      0.263235837    
  0.253338844      0.315877736    
  0.253328890      0.368517011    
  0.253322393      0.421153486    
  0.253317475      0.473787129    
  0.253312975      0.526417851    
  0.253308326      0.579045713    
  0.253303707      0.631670892    
  0.253299952      0.684293687    
  0.253298342      0.736914337    
  0.253300875      0.789533377    
  0.253310114      0.842150986    
  0.253329873      0.894767702    
  0.253367245      0.947383940    
  0.253439248       1.00000000    

  0.316991389       0.00000000    
  0.316861212       5.26564531E-02
  0.316775858      0.105312228    
  0.316722006      0.157966644    
  0.316689551      0.210619003    
  0.316671073      0.263268799    
  0.316661030      0.315915376    
  0.316655397      0.368558407    
  0.316651374      0.421197593    
  0.316646814      0.473832756    
  0.316640347      0.526463807    
  0.316631049      0.579090774    
  0.316618472      0.631713867    
  0.316602379      0.684333265    
  0.316582531      0.736949503    
  0.316558868      0.789563060    
  0.316531271      0.842174232    
  0.316500247      0.894783735    
  0.316468149      0.947392106    
  0.316441417       1.00000000    

  0.380171895       0.00000000    
  0.380079269       5.26649952E-02
  0.380024314      0.105329126    
  0.379994929      0.157991469    
  0.379982084      0.210651144    
  0.379978955      0.263307363    
  0.379980594      0.315959424    
  0.379983217      0.368606776    
  0.379984081      0.421248972    
  0.379981190      0.473885745    
  0.379973054      0.526517034    
  0.379958510      0.579142809    
  0.379936367      0.631763101    
  0.379905522      0.684378564    
  0.379864484      0.736989617    
  0.379811138      0.789596617    
  0.379742593      0.842200279    
  0.379654646      0.894801617    
  0.379539430      0.947401226    
  0.379372895       1.00000000    

  0.443276614       0.00000000    
  0.443244755       5.26752286E-02
  0.443238020      0.105349362    
  0.443246812      0.158021212    
  0.443263859      0.210689574    
  0.443283767      0.263353467    
  0.443302631      0.316011965    
  0.443317384      0.368664354    
  0.443325758      0.421310008    
  0.443326086      0.473948568    
  0.443317056      0.526579976    
  0.443297267      0.579204023    
  0.443265259      0.631821215    
  0.443219125      0.684431791    
  0.443156391      0.737036347    
  0.443073183      0.789635718    
  0.442963779      0.842230797    
  0.442818373      0.894822419    
  0.442617744      0.947411776    
  0.442323834       1.00000000    

  0.506322384       0.00000000    
  0.506371677       5.26876301E-02
  0.506428838      0.105373874    
  0.506487727      0.158057183    
  0.506543815      0.210736036    
  0.506593645      0.263409168    
  0.506634712      0.316075385    
  0.506665051      0.368733704    
  0.506683409      0.421383440    
  0.506688476      0.474024117    
  0.506679475      0.526655436    
  0.506654978      0.579277515    
  0.506613612      0.631890595    
  0.506553233      0.684495211    
  0.506470561      0.737092018    
  0.506360531      0.789682209    
  0.506215274      0.842266738    
  0.506022096      0.894846916    
  0.505761743      0.947424114    
  0.505416870       1.00000000    

  0.569334567       0.00000000    
  0.569480658       5.27027473E-02
  0.569613755      0.105403736    
  0.569732189      0.158100992    
  0.569834352      0.210792646    
  0.569919467      0.263476968    
  0.569986641      0.316152513    
  0.570035458      0.368818045    
  0.570065618      0.421472639    
  0.570076704      0.474115729    
  0.570068479      0.526746929    
  0.570040166      0.579366386    
  0.569990695      0.631974339    
  0.569917977      0.684571683    
  0.569818676      0.737159193    
  0.569687665      0.789738178    
  0.569516897      0.842310011    
  0.569295883      0.894876540    
  0.569014072      0.947439134    
  0.568669200       1.00000000    

  0.632347107       0.00000000    
  0.632598281       5.27212694E-02
  0.632814527      0.105440356    
  0.632998228      0.158154711    
  0.633151233      0.210861966    
  0.633275032      0.263559967    
  0.633370757      0.316246897    
  0.633439600      0.368921071    
  0.633482456      0.421581417    
  0.633500099      0.474227279    
  0.633493066      0.526858211    
  0.633461595      0.579474330    
  0.633405149      0.632076144    
  0.633322358      0.684664488    
  0.633210778      0.737240613    
  0.633066237      0.789806068    
  0.632882893      0.842362583    
  0.632653654      0.894912302    
  0.632370889      0.947457314    
  0.632019401       1.00000000    

  0.695395827       0.00000000    
  0.695754528       5.27440533E-02
  0.696056128      0.105485365    
  0.696307063      0.158220723    
  0.696512401      0.210947141    
  0.696676016      0.263661861    
  0.696800947      0.316362560    
  0.696889877      0.369047284    
  0.696945250      0.421714664    
  0.696968973      0.474363774    
  0.696962714      0.526994228    
  0.696927786      0.579606235    
  0.696864963      0.632200301    
  0.696774006      0.684777617    
  0.696654141      0.737339675    
  0.696503043      0.789888561    
  0.696317255      0.842426419    
  0.696091175      0.894955695    
  0.695813537      0.947479308    
  0.695458293       1.00000000    

  0.758519173       0.00000000    
  0.758980393       5.27721159E-02
  0.759364486      0.105540819    
  0.759681106      0.158302039    
  0.759937584      0.211051956    
  0.760139883      0.263787150    
  0.760292828      0.316504717    
  0.760400355      0.369202256    
  0.760466397      0.421878070    
  0.760494173      0.474530965    
  0.760486841      0.527160645    
  0.760447025      0.579767346    
  0.760376811      0.632351756    
  0.760278225      0.684915483    
  0.760152042      0.737460375    
  0.759998381      0.789988935    
  0.759816110      0.842503965    
  0.759600878      0.895008564    
  0.759343565      0.947506070    
  0.759030700       1.00000000    

  0.821752548       0.00000000    
  0.822306156       5.28067797E-02
  0.822765946      0.105609275    
  0.823143542      0.158402354    
  0.823447704      0.211181253    
  0.823685408      0.263941556    
  0.823863149      0.316679716    
  0.823985994      0.369392812    
  0.824059129      0.422078639    
  0.824087322      0.474736005    
  0.824075282      0.527364492    
  0.824027181      0.579964340    
  0.823946893      0.632536709    
  0.823838472      0.685083628    
  0.823705077      0.737607360    
  0.823549509      0.790111125    
  0.823373616      0.842598379    
  0.823177874      0.895072818    
  0.822963297      0.947538555    
  0.822737813       1.00000000    

  0.885126233       0.00000000    
  0.885758996       5.28496467E-02
  0.886285663      0.105693929    
  0.886717737      0.158526361    
  0.887064099      0.211340845    
  0.887332618      0.264132023    
  0.887530088      0.316895366    
  0.887662888      0.369627237    
  0.887737811      0.422325134    
  0.887760580      0.474987507    
  0.887737632      0.527613997    
  0.887675285      0.580205202    
  0.887579381      0.632762671    
  0.887456059      0.685288727    
  0.887311161      0.737786531    
  0.887150705      0.790259898    
  0.886980891      0.842713118    
  0.886808932      0.895150959    
  0.886646092      0.947578132    
  0.886509240       1.00000000    

  0.948663533       0.00000000    
  0.949362278       5.29027842E-02
  0.949947000      0.105798811    
  0.950426877      0.158679843    
  0.950809658      0.211538255    
  0.951102614      0.264367312    
  0.951313376      0.317161351    
  0.951449037      0.369915932    
  0.951517642      0.422628105    
  0.951526582      0.475296080    
  0.951484323      0.527919590    
  0.951398790      0.580499649    
  0.951278329      0.633038223    
  0.951131403      0.685538530    
  0.950966775      0.738004386    
  0.950793803      0.790440559    
  0.950623274      0.842852533    
  0.950467825      0.895245612    
  0.950343072      0.947625995    
  0.950260580       1.00000000    

   1.01237917       0.00000000    
   1.01313555       5.29688373E-02
   1.01377249      0.105929114    
   1.01429498      0.158870384    
   1.01470816      0.211783007    
   1.01501870      0.264658540    
   1.01523435      0.317489862    
   1.01536334      0.370271772    
   1.01541519      0.423000634    
   1.01539922      0.475674659    
   1.01532555      0.528293669    
   1.01520467      0.580859303    
   1.01504731      0.633374214    
   1.01486421      0.685842395    
   1.01466680      0.738269091    
   1.01446760      0.790659726    
   1.01428115      0.843021154    
   1.01412332      0.895360172    
   1.01401150      0.947683990    
   1.01396632       1.00000000    

   1.07627845       0.00000000    
   1.07709599       5.30511737E-02
   1.07778609      0.106091455    
   1.07834864      0.159107521    
   1.07878709      0.212087125    
   1.07910728      0.265019655    
   1.07931745      0.317896307    
   1.07942748      0.370710880    
   1.07944870      0.423459113    
   1.07939303      0.476139277    
   1.07927287      0.528751552    
   1.07910061      0.581298232    
   1.07888973      0.633783221    
   1.07865310      0.686211407    
   1.07840490      0.738589585    
   1.07816041      0.790924728    
   1.07793581      0.843224823    
   1.07775033      0.895498216    
   1.07762766      0.947753727    
   1.07760358       1.00000000    

   1.14037681       0.00000000    
   1.14126921       5.31542227E-02
   1.14201844      0.106294528    
   1.14262116      0.159403756    
   1.14307928      0.212466270    
   1.14339900      0.265468687    
   1.14359045      0.318400323    
   1.14366591      0.371253520    
   1.14363885      0.424023777    
   1.14352465      0.476709455    
   1.14333785      0.529311478    
   1.14309430      0.581833303    
   1.14280927      0.634280086    
   1.14249790      0.686658561    
   1.14217639      0.738976896    
   1.14186180      0.791244209    
   1.14157236      0.843469918    
   1.14133012      0.895664155    
   1.14116263      0.947837472    
   1.14110148       1.00000000    

   1.20470428       0.00000000    
   1.20569277       5.32838851E-02
   1.20651174      0.106549844    
   1.20715511      0.159775570    
   1.20762563      0.212940946    
   1.20793164      0.266029060    
   1.20808637      0.319026798    
   1.20810580      0.371925324    
   1.20800769      0.424719781    
   1.20781088      0.477409273    
   1.20753360      0.529995859    
   1.20719409      0.582484603    
   1.20681000      0.634882629    
   1.20639873      0.687199056    
   1.20597744      0.739443719    
   1.20556462      0.791628063    
   1.20517957      0.843763828    
   1.20484459      0.895862758    
   1.20458400      0.947937489    
   1.20442188       1.00000000    

   1.26931334       0.00000000    
   1.27042496       5.34481741E-02
   1.27132428      0.106873021    
   1.27200651      0.160245091    
   1.27247715      0.213538274    
   1.27274966      0.266731262    
   1.27284276      0.319808125    
   1.27277827      0.372758806    
   1.27257967      0.425578803    
   1.27227020      0.478268296    
   1.27187240      0.530831516    
   1.27140749      0.583276033    
   1.27089560      0.635611594    
   1.27035558      0.687850058    
   1.26980555      0.740004063    
   1.26926386      0.792087555    
   1.26874912      0.844114482    
   1.26828146      0.896099210    
   1.26788247      0.948056340    
   1.26757836       1.00000000    

   1.33428669       0.00000000    
   1.33554912       5.36582656E-02
   1.33653641      0.107285663    
   1.33724809      0.160842717    
   1.33769727      0.214295179    
   1.33790600      0.267616034    
   1.33790231      0.320786387    
   1.33771634      0.373795569    
   1.33737898      0.426640123    
   1.33691967      0.479322761    
   1.33636570      0.531850994    
   1.33574176      0.584235847    
   1.33506989      0.636491001    
   1.33436990      0.688631594    
   1.33365989      0.740673900    
   1.33295715      0.792634726    
   1.33227861      0.844530880    
   1.33164179      0.896379232    
   1.33106649      0.948196828    
   1.33057642       1.00000000    

   1.39974630       0.00000000    
   1.40118241       5.39302416E-02
   1.40225446      0.107818618    
   1.40297258      0.161611080    
   1.40336323      0.215262204    
   1.40346229      0.268737972    
   1.40331161      0.322016865    
   1.40295351      0.375088602    
   1.40242851      0.427952856    
   1.40177369      0.480616570    
   1.40102184      0.533092499    
   1.40020037      0.585396707    
   1.39933348      0.637547851    
   1.39844084      0.689565778    
   1.39753962      0.741470635    
   1.39664507      0.793282926    
   1.39577150      0.845022440    
   1.39493275      0.896709085    
   1.39414442      0.948361933    
   1.39342451       1.00000000    

   1.46586490       0.00000000    
   1.46748364       5.42881452E-02
   1.46861720      0.108517349    
   1.46929479      0.162611723    
   1.46956480      0.216510490    
   1.46948516      0.270171732    
   1.46911740      0.323572427    
   1.46852016      0.376705885    
   1.46774602      0.429577678    
   1.46684074      0.482202441    
   1.46584249      0.534600556    
   1.46478176      0.586795449    
   1.46368301      0.638812304    
   1.46256542      0.690676391    
   1.46144366      0.742412865    
   1.46032977      0.794045866    
   1.45923352      0.845598936    
   1.45816422      0.897094607    
   1.45713079      0.948554635    
   1.45614409       1.00000000    

   1.53287935       0.00000000    
   1.53466260       5.47695272E-02
   1.53579950      0.109451406    
   1.53635156      0.163936034    
   1.53640246      0.218142003    
   1.53604269      0.272019953    
   1.53536129      0.325549722    
   1.53443718      0.378733516    
   1.53333807      0.431588799    
   1.53211796      0.484142274    
   1.53081977      0.536425710    
   1.52947569      0.588472486    
   1.52810884      0.640315950    
   1.52673578      0.691987813    
   1.52536774      0.743518710    
   1.52401161      0.794937134    
   1.52267170      0.846269846    
   1.52135050      0.897542059    
   1.52004862      0.948777735    
   1.51876879       1.00000000    

   1.60111141       0.00000000    
   1.60299325       5.54366149E-02
   1.60401750      0.110732585    
   1.60430002      0.165724665    
   1.60397899      0.220305815    
   1.60319340      0.274425179    
   1.60206783      0.328075707    
   1.60070646      0.381279379    
   1.59919143      0.434074342    
   1.59758437      0.486506313    
   1.59592986      0.538622737    
   1.59425843      0.590469718    
   1.59259045      0.642090082    
   1.59093690      0.693523407    
   1.58930314      0.744805515    
   1.58768964      0.795968890    
   1.58609331      0.847043335    
   1.58450830      0.898056209    
   1.58292711      0.949033499    
   1.58133888       1.00000000    

   1.67099333       0.00000000    
   1.67282724       5.64004704E-02
   1.67352891      0.112550609    
   1.67330503      0.168201461    
   1.67238176      0.223223463    
   1.67096639      0.277584642    
   1.66922796      0.331314445    
   1.66729593      0.384473562    
   1.66526306      0.437134266    
   1.66319311      0.489369303    
   1.66112733      0.541246474    
   1.65909052      0.592826605    
   1.65709484      0.644163251    
   1.65514350      0.695303082    
   1.65323389      0.746286809    
   1.65135777      0.797150314    
   1.64950335      0.847925365    
   1.64765608      0.898640931    
   1.64579761      0.949323952    
   1.64390695       1.00000000    

   1.74311209       0.00000000    
   1.74461198       5.78797758E-02
   1.74462175      0.115249112    
   1.74351192      0.171734005    
   1.74164891      0.227224007    
   1.73933041      0.281764627    
   1.73677266      0.335468292    
   1.73412013      0.388463527    
   1.73146498      0.440872699    
   1.72886193      0.492802888    
   1.72633982      0.544344962    
   1.72391033      0.595574915    
   1.72157300      0.646555543    
   1.71931958      0.697339296    
   1.71713614      0.747970164    
   1.71500504      0.798485816    
   1.71290398      0.848918557    
   1.71080923      0.899297655    
   1.70869315      0.949649572    
   1.70652533       1.00000000    

   1.81827390       0.00000000    
   1.81891179       6.03661500E-02
   1.81758022      0.119494379    
   1.81497920      0.176934391    
   1.81170046      0.232782513    
   1.80813992      0.287302256    
   1.80453503      0.340763599    
   1.80101669      0.393395543    
   1.79765105      0.445380509    
   1.79446518      0.496861219    
   1.79146278      0.547948599    
   1.78863347      0.598729551    
   1.78595912      0.649272561    
   1.78341579      0.699632406    
   1.78097713      0.749853373    
   1.77861285      0.799972296    
   1.77629149      0.850020170    
   1.77397978      0.900024354    
   1.77164137      0.950009584    
   1.76923835       1.00000000    

   1.89761293       0.00000000    
   1.89641988       6.51758909E-02
   1.89254987      0.126645759    
   1.88751805      0.184783444    
   1.88221598      0.240515828    
   1.87705660      0.294558883    
   1.87220871      0.347401112    
   1.86772597      0.399373561    
   1.86360860      0.450705409    
   1.85983193      0.501559615    
   1.85636044      0.552054584    
   1.85315454      0.602278829    
   1.85017264      0.652298927    
   1.84737301      0.702166259    
   1.84471488      0.751921594    
   1.84215665      0.801597476    
   1.83965659      0.851220667    
   1.83717275      0.900814831    
   1.83466113      0.950401008    
   1.83207512       1.00000000    

   2.00000000       0.00000000    
   1.97786725       7.66804218E-02
   1.96907556      0.139345795    
   1.96033883      0.196564630    
   1.95244646      0.250995278    
   1.94546926      0.303764135    
   1.93932045      0.355450451    
   1.93388760      0.406393737    
   1.92906380      0.456811100    
   1.92475402      0.506849527    
   1.92087483      0.556612372    
   1.91735315      0.606174648    
   1.91412306      0.655591488    
   1.91112447      0.704904139    
   1.90830278      0.754144490    
   1.90560579      0.803337395    
   1.90298283      0.852502882    
   1.90038443      0.901658058    
   1.89775980      0.950818598    
   1.89505613       1.00000000    

   2.08888459       5.51248677E-02
   2.06230569      0.107179523    
   2.04460907      0.160417244    
   2.03147769      0.212783664    
   2.02106810      0.264150679    
   2.01249623      0.314721912    
   2.00527096      0.364708126    
   1.99908268      0.414274305    
   1.99371672      0.463542193    
   1.98901212      0.512600243    
   1.98484302      0.561512649    
   1.98110723      0.610326409    
   1.97771871      0.659075737    
   1.97460234      0.707785547    
   1.97169197      0.756474316    
   1.96892679      0.805155814    
   1.96624970      0.853840411    
   1.96360552      0.902537227    
   1.96093893      0.951254189    
   1.95819473       1.00000000    

   2.15132570       9.15394649E-02
   2.12930155      0.136138543    
   2.11174655      0.182908565    
   2.09778738      0.230589032    
   2.08651543      0.278572232    
   2.07724690      0.326616496    
   2.06950045      0.374644041    
   2.06293535      0.422642618    
   2.05730247      0.470622689    
   2.05241418      0.518600345    
   2.04812312      0.566590190    
   2.04431081      0.614603341    
   2.04088020      0.662647903    
   2.03774667      0.710728467    
   2.03483772      0.758847058    
   2.03208756      0.807004154    
   2.02943516      0.855198741    
   2.02682257      0.903429985    
   2.02419305      0.951696873    
   2.02148724       1.00000000    

   2.20622206      0.120697178    
   2.18793988      0.161090314    
   2.17238164      0.203695953    
   2.15935731      0.247780353    
   2.14849424      0.292822838    
   2.13940263      0.338495642    
   2.13174295      0.384603143    
   2.12523675      0.431029737    
   2.11966085      0.477705449    
   2.11483669      0.524585724    
   2.11061978      0.571639836    
   2.10689139      0.618844688    
   2.10355115      0.666181266    
   2.10051441      0.713633180    
   2.09770679      0.761185348    
   2.09506202      0.808823943    
   2.09251904      0.856535792    
   2.09002018      0.904309154    
   2.08750868      0.952133477    
   2.08492827       1.00000000    

   2.25664186      0.144341245    
   2.24166107      0.182005912    
   2.22849846      0.221789047    
   2.21712732      0.263226062    
   2.20739603      0.305925369    
   2.19909930      0.349586457    
   2.19202232      0.393989742    
   2.18596673      0.438977391    
   2.18075752      0.484435022    
   2.17624450      0.530278265    
   2.17230153      0.576442480    
   2.16881943      0.622876108    
   2.16570735      0.669537246    
   2.16288471      0.716390312    
   2.16028166      0.763403952    
   2.15783525      0.810550451    
   2.15548754      0.857804775    
   2.15318394      0.905144513    
   2.15087271      0.952548921    
   2.14850211       1.00000000    

   2.30411291      0.163308784    
   2.29215264      0.199092045    
   2.28145051      0.236896247    
   2.27202082      0.276398867    
   2.26380301      0.317302674    
   2.25668859      0.359352916    
   2.25054908      0.402340800    
   2.24525094      0.446098894    
   2.24066758      0.490493804    
   2.23668313      0.535418689    
   2.23319554      0.580786884    
   2.23011374      0.626526713    
   2.22736001      0.672578037    
   2.22486377      0.718889296    
   2.22256374      0.765415430    
   2.22040439      0.812116563    
   2.21833396      0.858956933    
   2.21630430      0.905903816    
   2.21426988      0.952927291    
   2.21218395       1.00000000    

   2.34955716      0.178074792    
   2.34042740      0.212540612    
   2.33216453      0.248949230    
   2.32479072      0.287057221    
   2.31828332      0.326628953    
   2.31258488      0.367448509    
   2.30761957      0.409325570    
   2.30330157      0.452096552    
   2.29954410      0.495622605    
   2.29626393      0.539786100    
   2.29338384      0.584487498    
   2.29083443      0.629641891    
   2.28855276      0.675176084    
   2.28648281      0.721026540    
   2.28457451      0.767137408    
   2.28278184      0.813458502    
   2.28106236      0.859945178    
   2.27937603      0.906556010    
   2.27768540      0.953252852    
   2.27595210       1.00000000    

   2.39360785      0.188931927    
   2.38717842      0.222498015    
   2.38131714      0.257950425    
   2.37604237      0.295091122    
   2.37134647      0.333722651    
   2.36720037      0.373656720    
   2.36356115      0.414719760    
   2.36037564      0.456755191    
   2.35758829      0.499624521    
   2.35514402      0.543205857    
   2.35298967      0.587392807    
   2.35107660      0.632092297    
   2.34935975      0.677222848    
   2.34779787      0.722712398    
   2.34635472      0.768497109    
   2.34499550      0.814519346    
   2.34368825      0.860727370    
   2.34240317      0.907072961    
   2.34111261      0.953511298    
   2.33978748       1.00000000    

   2.43674421      0.196063861    
   2.43292999      0.229067191    
   2.42943549      0.263920635    
   2.42627406      0.300451279    
   2.42344165      0.338483751    
   2.42092586      0.377846986    
   2.41870379      0.418378770    
   2.41674757      0.459928811    
   2.41502595      0.502360284    
   2.41350818      0.545550346    
   2.41216302      0.589389145    
   2.41096139      0.633779109    
   2.40987706      0.678633809    
   2.40888476      0.723875999    
   2.40796113      0.769436598    
   2.40708542      0.815253258    
   2.40623736      0.861269057    
   2.40539789      0.907431364    
   2.40454936      0.953690886    
   2.40367317       1.00000000    

   2.47936010      0.199579701    
   2.47811317      0.232313365    
   2.47696471      0.266879767    
   2.47591877      0.303117037    
   2.47497416      0.340859920    
   2.47412777      0.379945457    
   2.47337222      0.420217067    
   2.47269869      0.461527705    
   2.47209740      0.503742099    
   2.47155833      0.546737015    
   2.47107172      0.590401411    
   2.47062755      0.634635925    
   2.47021675      0.679351568    
   2.46983147      0.724468648    
   2.46946263      0.769915700    
   2.46910262      0.815628052    
   2.46874356      0.861546099    
   2.46837807      0.907615066    
   2.46799898      0.953782916    
   2.46759844       1.00000000    

   2.52180815      0.199530795    
   2.52311277      0.232268408    
   2.52430248      0.266839296    
   2.52537274      0.303081393    
   2.52632284      0.340829134    
   2.52715778      0.379919291    
   2.52788377      0.420195162    
   2.52851009      0.461509794    
   2.52904677      0.503727674    
   2.52950478      0.546725571    
   2.52989316      0.590392649    
   2.53022242      0.634629309    
   2.53050089      0.679346859    
   2.53073645      0.724465549    
   2.53093553      0.769913912    
   2.53110433      0.815627158    
   2.53124714      0.861545980    
   2.53136849      0.907615304    
   2.53147078      0.953783214    
   2.53155684       1.00000000    

   2.56442595      0.195917413    
   2.56829858      0.228932813    
   2.57183433      0.263799995    
   2.57502055      0.300345182    
   2.57785821      0.338392198    
   2.58036184      0.377769381    
   2.58255410      0.418314070    
   2.58446336      0.459875762    
   2.58612108      0.502317548    
   2.58755875      0.545516551    
   2.58880782      0.589363098    
   2.58989692      0.633759618    
   2.59085274      0.678619802    
   2.59169912      0.723866403    
   2.59245872      0.769430876    
   2.59314919      0.815250397    
   2.59378886      0.861268282    
   2.59439349      0.907431960    
   2.59497619      0.953691602    
   2.59554911       1.00000000    

   2.60756683      0.188688546    
   2.61405611      0.222275615    
   2.61995959      0.257751644    
   2.62525868      0.294917166    
   2.62995934      0.333573252    
   2.63409233      0.373530596    
   2.63770103      0.414614916    
   2.64083982      0.456669450    
   2.64356446      0.499555439    
   2.64593053      0.543151140    
   2.64799190      0.587350488    
   2.64979768      0.632060468    
   2.65139270      0.677199662    
   2.65281701      0.722696483    
   2.65410662      0.768487036    
   2.65529346      0.814514041    
   2.65640759      0.860725403    
   2.65747523      0.907073140    
   2.65852141      0.953512251    
   2.65956783       1.00000000    

   2.65162635      0.177735105    
   2.66081786      0.212232307    
   2.66912365      0.248675913    
   2.67652082      0.286820054    
   2.68303251      0.326426744    
   2.68871617      0.367278814    
   2.69364977      0.409185261    
   2.69792056      0.451982141    
   2.70161605      0.495530546    
   2.70482135      0.539713264    
   2.70761371      0.584430814    
   2.71006322      0.629598737    
   2.71223211      0.675144255    
   2.71417665      0.721004248    
   2.71594620      0.767122686    
   2.71758509      0.813450098    
   2.71913409      0.859941363    
   2.72062922      0.906555176    
   2.72210646      0.953253508    
   2.72359824       1.00000000    

   2.69708586      0.162872896    
   2.70911169      0.198700517    
   2.71985769      0.236553550    
   2.72930932      0.276105195    
   2.73752832      0.317055285    
   2.74462461      0.359147340    
   2.75073004      0.402171969    
   2.75598001      0.445961803    
   2.76050282      0.490383655    
   2.76441550      0.535331190    
   2.76782155      0.580718398    
   2.77081180      0.626474082    
   2.77346516      0.672538638    
   2.77585101      0.718860805    
   2.77803135      0.765395939    
   2.78006077      0.812104464    
   2.78198862      0.858950436    
   2.78386116      0.905901253    
   2.78572202      0.952927053    
   2.78761387       1.00000000    

   2.74458313      0.143807486    
   2.75963545      0.181534693    
   2.77284217      0.221384794    
   2.78423142      0.262886375    
   2.79395723      0.305643946    
   2.80223012      0.349355578    
   2.80926871      0.393801838    
   2.81527376      0.438825339    
   2.82042265      0.484312892    
   2.82486701      0.530180812    
   2.82873535      0.576365411    
   2.83213592      0.622816205    
   2.83516216      0.669491708    
   2.83789301      0.716356397    
   2.84039879      0.763379753    
   2.84274244      0.810534120    
   2.84498096      0.857794881    
   2.84716725      0.905139327    
   2.84935188      0.952547252    
   2.85158515       1.00000000    

   2.79504871      0.120059632    
   2.81341243      0.160544723    
   2.82901287      0.203243285    
   2.84204507      0.247410864    
   2.85289097      0.292523444    
   2.86194777      0.338253766    
   2.86956096      0.384407967    
   2.87601185      0.430872351    
   2.88152623      0.477578700    
   2.88628554      0.524484038    
   2.89043474      0.571558654    
   2.89409375      0.618780434    
   2.89736390      0.666131139    
   2.90032911      0.713594735    
   2.90306449      0.761156797    
   2.90563726      0.808803499    
   2.90810823      0.856522202    
   2.91053462      0.904301107    
   2.91297221      0.952130020    
   2.91547632       1.00000000    

   2.85002422       9.07846540E-02
   2.87215137      0.135532439    
   2.88973641      0.182433397    
   2.90367961      0.230216369    
   2.91491079      0.278277695    
   2.92412639      0.326381654    
   2.93181276      0.374455452    
   2.93831611      0.422490388    
   2.94388676      0.470499486    
   2.94871354      0.518500388    
   2.95294523      0.566509187    
   2.95670033      0.614538133    
   2.96007705      0.662595689    
   2.96316051      0.710687160    
   2.96602464      0.758815050    
   2.96873546      0.806980073    
   2.97135520      0.855181694    
   2.97394228      0.903419018    
   2.97655463      0.951691568    
   2.97925043       1.00000000    

   2.91261148       5.42207658E-02
   2.93935180      0.106569983    
   2.95701957      0.159978792    
   2.97007728      0.212451175    
   2.98040462      0.263890415    
   2.98889613      0.314514220    
   2.99604487      0.364540219    
   3.00216293      0.414137483    
   3.00746489      0.463429898    
   3.01211143      0.512507737    
   3.01622915      0.561436415    
   3.01992106      0.610263586    
   3.02327347      0.659023941    
   3.02636194      0.707743227    
   3.02925491      0.756440222    
   3.03201413      0.805128992    
   3.03469801      0.853820503    
   3.03736424      0.902523577    
   3.04007006      0.951247215    
   3.04287434       1.00000000    

   3.00000000       0.00000000    
   3.02424026       7.64029324E-02
   3.03275585      0.139068186    
   3.04130769      0.196325764    
   3.04906034      0.250796258    
   3.05592513      0.303599298    
   3.06198096      0.355313689    
   3.06733632      0.406279713    
   3.07209492      0.456715435    
   3.07635140      0.506769001    
   3.08018804      0.556544363    
   3.08367896      0.606117010    
   3.08689046      0.655542612    
   3.08988285      0.704862893    
   3.09271431      0.754110098    
   3.09543800      0.803309321    
   3.09810686      0.852480948    
   3.10077405      0.901642621    
   3.10349345      0.950810254    
   3.10632181       1.00000000    

   3.10518789       0.00000000    
   3.10585332       6.50461018E-02
   3.10936809      0.126486093    
   3.11415529      0.184629425    
   3.11928105      0.240378171    
   3.12430692      0.294439316    
   3.12905145      0.347298205    
   3.13345313      0.399285138    
   3.13750720      0.450629175    
   3.14123702      0.501493692    
   3.14467621      0.551997423    
   3.14786410      0.602228880    
   3.15084410      0.652255177    
   3.15365934      0.702128232    
   3.15635252      0.751888692    
   3.15896821      0.801569700    
   3.16155052      0.851198316    
   3.16414666      0.900798619    
   3.16680455      0.950392067    
   3.16957736       1.00000000    

   3.18436027       0.00000000    
   3.18327546       6.03016503E-02
   3.18427348      0.119404860    
   3.18662953      0.176840752    
   3.18972683      0.232693836    
   3.19315076      0.287221730    
   3.19665194      0.340691745    
   3.20009208      0.393331796    
   3.20340014      0.445323914    
   3.20654702      0.496810645    
   3.20952797      0.547903240    
   3.21235275      0.598688662    
   3.21504092      0.649235606    
   3.21761847      0.699599087    
   3.22011518      0.749823570    
   3.22256374      0.799946427    
   3.22499967      0.849998713    
   3.22746205      0.900008321    
   3.22999167      0.950000465    
   3.23263526       1.00000000    

   3.25919604       0.00000000    
   3.25734472       5.78466654E-02
   3.25705743      0.115200013    
   3.25795341      0.171679899    
   3.25965261      0.227170542    
   3.26184630      0.281714320    
   3.26430964      0.335421920    
   3.26689267      0.388421118    
   3.26949930      0.440833777    
   3.27207303      0.492766947    
   3.27458405      0.544311643    
   3.27702165      0.595543742    
   3.27938724      0.646526396    
   3.28169131      0.697311997    
   3.28395104      0.747944951    
   3.28618813      0.798463106    
   3.28842998      0.848899245    
   3.29070687      0.899282753    
   3.29305220      0.949640810    
   3.29550409       1.00000000    

   3.33091259       0.00000000    
   3.32882166       5.63837886E-02
   3.32790899      0.112525053    
   3.32796240      0.168172449    
   3.32875180      0.223194078    
   3.33006406      0.277556300    
   3.33172369      0.331287652    
   3.33359933      0.384448320    
   3.33559489      0.437110335    
   3.33764648      0.489346355    
   3.33971143      0.541224301    
   3.34176660      0.592805028    
   3.34380102      0.644142151    
   3.34581470      0.695282519    
   3.34781432      0.746267140    
   3.34981227      0.797131896    
   3.35182619      0.847909033    
   3.35387850      0.898627996    
   3.35599422      0.949316144    
   3.35820484       1.00000000    

   3.40037298       0.00000000    
   3.39831948       5.54290712E-02
   3.39714718      0.110720977    
   3.39674163      0.165711492    
   3.39696312      0.220292479    
   3.39767003      0.274412304    
   3.39873648      0.328063428    
   3.40005612      0.381267458    
   3.40154624      0.434062630    
   3.40314436      0.486494392    
   3.40480709      0.538610578    
   3.40650439      0.590456963    
   3.40821815      0.642076790    
   3.40994072      0.693509698    
   3.41167140      0.744791627    
   3.41341496      0.795955360    
   3.41517949      0.847030699    
   3.41698074      0.898045838    
   3.41883516      0.949027061    
   3.42076540       1.00000000    

   3.46819973       0.00000000    
   3.46631455       5.47671989E-02
   3.46508694      0.109448150    
   3.46445560      0.163932770    
   3.46433878      0.218139157    
   3.46464562      0.272017658    
   3.46528721      0.325547814    
   3.46618462      0.378731638    
   3.46726990      0.431586593    
   3.46849012      0.484139502    
   3.46980214      0.536422014    
   3.47117662      0.588467658    
   3.47259235      0.640309811    
   3.47403550      0.691980660    
   3.47549963      0.743510604    
   3.47698402      0.794928551    
   3.47849083      0.846261322    
   3.48002696      0.897534609    
   3.48160100      0.948772907    
   3.48322701       1.00000000    

   3.53483939       0.00000000    
   3.53318024       5.42888604E-02
   3.53200364      0.108519115    
   3.53128576      0.162614673    
   3.53097987      0.216514558    
   3.53103018      0.270176679    
   3.53137589      0.323577911    
   3.53195953      0.376711339    
   3.53272915      0.429582775    
   3.53364015      0.482206851    
   3.53465557      0.534603834    
   3.53574729      0.586797416    
   3.53689313      0.638812721    
   3.53807616      0.690675259    
   3.53928685      0.742410243    
   3.54051828      0.794042051    
   3.54176784      0.845594525    
   3.54303479      0.897090256    
   3.54432249      0.948551595    
   3.54563403       1.00000000    

   3.60063124       0.00000000    
   3.59920168       5.39327301E-02
   3.59812617      0.107823409    
   3.59739971      0.161617920    
   3.59699869      0.215270713    
   3.59688997      0.268747807    
   3.59703350      0.322027415    
   3.59738827      0.375099450    
   3.59791565      0.427963495    
   3.59857965      0.480626583    
   3.59934926      0.533101439    
   3.60019827      0.585404396    
   3.60110497      0.637553930    
   3.60205269      0.689570010    
   3.60302806      0.741473138    
   3.60402060      0.793283641    
   3.60502315      0.845021844    
   3.60602880      0.896707654    
   3.60703397      0.948360622    
   3.60803390       1.00000000    

   3.66581559       0.00000000    
   3.66459608       5.36617525E-02
   3.66363692      0.107292227    
   3.66294193      0.160851926    
   3.66250253      0.214306563    
   3.66229916      0.267629057    
   3.66230726      0.320800543    
   3.66249847      0.373810291    
   3.66284204      0.426654875    
   3.66331053      0.479337066    
   3.66387916      0.531864464    
   3.66452384      0.584248006    
   3.66522408      0.636501551    
   3.66596389      0.688640296    
   3.66672707      0.740680575    
   3.66750073      0.792639375    
   3.66827369      0.844533682    
   3.66903353      0.896380544    
   3.66977048      0.948197067    
   3.67047310       1.00000000    

   3.73056722       0.00000000    
   3.72952604       5.34522347E-02
   3.72867727      0.106880628    
   3.72803116      0.160255790    
   3.72758579      0.213551536    
   3.72732997      0.266746432    
   3.72724867      0.319824725    
   3.72732234      0.372776300    
   3.72752881      0.425596654    
   3.72784591      0.478285909    
   3.72825217      0.530848444    
   3.72872782      0.583291769    
   3.72925401      0.635625839    
   3.72981334      0.687862337    
   3.73039007      0.740014374    
   3.73096919      0.792095482    
   3.73153496      0.844120145    
   3.73207283      0.896102726    
   3.73256636      0.948057890    
   3.73299718       1.00000000    

   3.79500937       0.00000000    
   3.79411006       5.32882437E-02
   3.79335809      0.106558062    
   3.79276299      0.159787118    
   3.79232740      0.212955326    
   3.79204559      0.266045660    
   3.79190707      0.319045097    
   3.79189849      0.371944785    
   3.79200268      0.424739808    
   3.79220319      0.477429271    
   3.79248118      0.530015349    
   3.79281950      0.582503021    
   3.79320097      0.634899616    
   3.79360890      0.687214136    
   3.79402709      0.739456832    
   3.79443860      0.791638911    
   3.79482532      0.843771935    
   3.79516959      0.895868242    
   3.79545069      0.947940111    
   3.79564500       1.00000000    

   3.85922384       0.00000000    
   3.85843253       5.31587303E-02
   3.85775924      0.106303073    
   3.85721159      0.159415841    
   3.85679340      0.212481394    
   3.85650134      0.265486240    
   3.85632730      0.318419784    
   3.85626173      0.371274352    
   3.85629177      0.424045384    
   3.85640359      0.476731151    
   3.85658169      0.529332936    
   3.85681081      0.581853807    
   3.85707569      0.634299219    
   3.85735965      0.686675966    
   3.85764694      0.738992333    
   3.85791969      0.791257083    
   3.85815787      0.843479931    
   3.85834122      0.895671070    
   3.85844660      0.947840869    
   3.85844588       1.00000000    

   3.92326283       0.00000000    
   3.92254996       5.30557260E-02
   3.92193818      0.106100135    
   3.92143226      0.159119874    
   3.92103457      0.212102637    
   3.92074156      0.265037775    
   3.92054772      0.317916572    
   3.92044449      0.370732635    
   3.92042136      0.423481822    
   3.92046714      0.476162225    
   3.92056942      0.528774321    
   3.92071486      0.581320286    
   3.92088795      0.633803844    
   3.92107415      0.686230361    
   3.92125773      0.738606393    
   3.92142081      0.790939033    
   3.92154288      0.843236029    
   3.92160130      0.895506084    
   3.92157149      0.947757781    
   3.92142153       1.00000000    

   3.98715425       0.00000000    
   3.98649955       5.29733747E-02
   3.98593616      0.105937809    
   3.98546696      0.158882827    
   3.98509049      0.211798757    
   3.98480320      0.264676958    
   3.98459935      0.317510545    
   3.98447275      0.370294094    
   3.98441410      0.423023999    
   3.98441339      0.475698471    
   3.98446012      0.528317332    
   3.98454285      0.580882192    
   3.98464727      0.633395851    
   3.98475957      0.685862303    
   3.98486567      0.738286674    
   3.98494720      0.790674806    
   3.98498440      0.843033075    
   3.98495483      0.895368516    
   3.98483133      0.947688282    
   3.98458242       1.00000000    

   4.05091524       0.00000000    
   4.05030394       5.29072508E-02
   4.04978180      0.105807446    
   4.04934549      0.158692256    
   4.04899120      0.211554006    
   4.04871511      0.264385879    
   4.04851007      0.317182183    
   4.04837132      0.369938493    
   4.04828978      0.422651738    
   4.04825783      0.475320220    
   4.04826641      0.527943552    
   4.04830456      0.580522954    
   4.04836035      0.633060336    
   4.04842186      0.685558856    
   4.04847383      0.738022387    
   4.04850149      0.790455937    
   4.04848480      0.842864692    
   4.04840136      0.895254254    
   4.04822540      0.947630525    
   4.04792500       1.00000000    

   4.11454248       0.00000000    
   4.11397552       5.28540201E-02
   4.11349297      0.105702408    
   4.11309052      0.158538580    
   4.11276150      0.211356431    
   4.11250019      0.264150500    
   4.11230183      0.316916138    
   4.11215973      0.369649827    
   4.11206627      0.422348797    
   4.11201572      0.475011677    
   4.11199951      0.527638018    
   4.11200953      0.580228508    
   4.11203384      0.632784724    
   4.11206293      0.685309052    
   4.11208296      0.737804651    
   4.11208010      0.790275216    
   4.11203671      0.842725337    
   4.11193228      0.895159483    
   4.11174297      0.947582662    
   4.11143780       1.00000000    

   4.17804337       0.00000000    
   4.17752457       5.28110266E-02
   4.17708588      0.105617560    
   4.17672014      0.158414379    
   4.17641973      0.211196572    
   4.17617893      0.263959795    
   4.17599201      0.316700310    
   4.17585373      0.369415164    
   4.17575788      0.422102094    
   4.17569876      0.474759907    
   4.17566967      0.527388275    
   4.17566347      0.579987288    
   4.17567062      0.632558525    
   4.17568302      0.685103595    
   4.17568874      0.737625122    
   4.17567587      0.790126204    
   4.17563057      0.842610240    
   4.17553329      0.895081103    
   4.17536449      0.947542965    
   4.17509651       1.00000000    

   4.24142647       0.00000000    
   4.24096537       5.27762324E-02
   4.24057579      0.105548881    
   4.24025059      0.158313766    
   4.23998260      0.211066961    
   4.23976612      0.263805002    
   4.23959589      0.316524863    
   4.23946762      0.369224131    
   4.23937607      0.421901047    
   4.23931742      0.474554420    
   4.23928452      0.527183890    
   4.23927164      0.579789817    
   4.23927307      0.632373035    
   4.23928118      0.684934914    
   4.23928785      0.737477541    
   4.23928213      0.790003419    
   4.23925257      0.842515349    
   4.23918581      0.895016611    
   4.23906469      0.947510242    
   4.23886681       1.00000000    

   4.30470848       0.00000000    
   4.30431223       5.27480021E-02
   4.30397749      0.105493136    
   4.30369663      0.158232033    
   4.30346537      0.210961610    
   4.30327702      0.263679117    
   4.30312777      0.316382021    
   4.30301476      0.369068444    
   4.30293226      0.421736896    
   4.30287838      0.474386454    
   4.30284882      0.527016759    
   4.30283833      0.579627991    
   4.30284166      0.632220745    
   4.30285549      0.684796274    
   4.30287218      0.737356126    
   4.30288506      0.789902389    
   4.30288601      0.842437208    
   4.30286551      0.894963205    
   4.30281162      0.947483242    
   4.30270910       1.00000000    

   4.36790562       0.00000000    
   4.36758137       5.27250357E-02
   4.36730623      0.105447739    
   4.36707449      0.158165514    
   4.36688185      0.210875824    
   4.36672401      0.263576448    
   4.36659956      0.316265494    
   4.36650372      0.368941277    
   4.36643553      0.421602696    
   4.36639071      0.474248946    
   4.36636829      0.526879728    
   4.36636448      0.579495132    
   4.36637640      0.632095695    
   4.36640072      0.684682250    
   4.36643457      0.737256229    
   4.36647272      0.789819062    
   4.36651325      0.842372835    
   4.36654902      0.894919336    
   4.36657333      0.947460949    
   4.36657906       1.00000000    

   4.43103933       0.00000000    
   4.43079185       5.27062863E-02
   4.43058014      0.105410717    
   4.43039894      0.158111170    
   4.43024635      0.210805714    
   4.43012190      0.263492554    
   4.43002272      0.316170126    
   4.42994642      0.368837178    
   4.42989302      0.421492726    
   4.42986012      0.474136084    
   4.42984819      0.526767135    
   4.42985344      0.579385936    
   4.42987585      0.631992698    
   4.42991400      0.684588253    
   4.42996788      0.737173855    
   4.43003511      0.789750397    
   4.43011570      0.842319667    
   4.43020916      0.894883096    
   4.43031454      0.947442591    
   4.43043232       1.00000000    

   4.49413443       0.00000000    
   4.49396515       5.26909195E-02
   4.49381590      0.105380341    
   4.49368572      0.158066615    
   4.49357367      0.210748181    
   4.49348116      0.263423651    
   4.49340725      0.316091746    
   4.49335098      0.368751526    
   4.49331331      0.421402156    
   4.49329329      0.474043131    
   4.49329090      0.526674271    
   4.49330664      0.579295635    
   4.49334049      0.631907582    
   4.49339294      0.684510589    
   4.49346542      0.737105489    
   4.49355936      0.789693356    
   4.49367809      0.842275381    
   4.49382544      0.894852817    
   4.49400616      0.947427273    
   4.49422741       1.00000000    

   4.55721283       0.00000000    
   4.55711889       5.26782386E-02
   4.55703020      0.105355285    
   4.55694818      0.158029824    
   4.55687475      0.210700631    
   4.55681276      0.263366640    
   4.55676222      0.316026866    
   4.55672550      0.368680507    
   4.55670214      0.421326995    
   4.55669355      0.473965883    
   4.55670166      0.526597083    
   4.55672693      0.579220593    
   4.55676937      0.631836653    
   4.55683327      0.684445739    
   4.55692101      0.737048447    
   4.55703735      0.789645731    
   4.55718756      0.842238426    
   4.55737925      0.894827604    
   4.55762100      0.947414398    
   4.55792713       1.00000000    

   4.62029934       0.00000000    
   4.62027359       5.26676923E-02
   4.62023878      0.105334423    
   4.62020016      0.157999203    
   4.62016106      0.210661024    
   4.62012577      0.263319075    
   4.62009668      0.315972686    
   4.62007713      0.368621171    
   4.62006617      0.421264023    
   4.62006807      0.473901033    
   4.62008429      0.526532114    
   4.62011528      0.579157233    
   4.62016487      0.631776690    
   4.62023640      0.684390843    
   4.62033319      0.737000108    
   4.62046385      0.789605260    
   4.62063456      0.842206955    
   4.62085581      0.894806087    
   4.62114143      0.947403431    
   4.62150860       1.00000000    

   4.68341351       0.00000000    
   4.68344498       5.26588038E-02
   4.68345594      0.105316840    
   4.68345356      0.157973334    
   4.68344307      0.210627571    
   4.68343019      0.263278902    
   4.68341875      0.315926760    
   4.68341208      0.368570715    
   4.68341160      0.421210468    
   4.68342066      0.473845690    
   4.68344116      0.526476562    
   4.68347597      0.579102993    
   4.68352795      0.631725192    
   4.68360138      0.684343398    
   4.68370199      0.736958265    
   4.68383646      0.789570153    
   4.68401480      0.842179656    
   4.68424845      0.894787371    
   4.68455505      0.947393954    
   4.68495560       1.00000000    

   4.74657059       0.00000000    
   4.74664688       5.26511893E-02
   4.74669313      0.105301768    
   4.74671841      0.157951146    
   4.74672937      0.210598767    
   4.74673271      0.263244212    
   4.74673414      0.315887004    
   4.74673700      0.368526965    
   4.74674273      0.421163827    
   4.74675512      0.473797411    
   4.74677801      0.526427865    
   4.74681234      0.579055250    
   4.74686193      0.631679654    
   4.74693155      0.684301555    
   4.74702692      0.736921012    
   4.74715519      0.789538801    
   4.74732542      0.842155159    
   4.74755335      0.894770443    
   4.74785709      0.947385252    
   4.74826050       1.00000000    

   4.80978632       0.00000000    
   4.80989265       5.26445545E-02
   4.80996084      0.105288595    
   4.81000233      0.157931671    
   4.81002617      0.210573345    
   4.81003952      0.263213485    
   4.81004715      0.315851688    
   4.81005526      0.368487895    
   4.81006384      0.421121985    
   4.81007767      0.473753989    
   4.81009769      0.526383936    
   4.81012774      0.579011917    
   4.81017065      0.631638169    
   4.81023026      0.684262931    
   4.81031227      0.736886561    
   4.81042194      0.789509416    
   4.81056976      0.842131853    
   4.81077242      0.894754291    
   4.81104755      0.947376966    
   4.81142235       1.00000000    

   4.87307358       0.00000000    
   4.87319231       5.26386909E-02
   4.87326717      0.105276853    
   4.87331104      0.157914117    
   4.87333727      0.210550323    
   4.87335300      0.263185352    
   4.87336206      0.315819174    
   4.87337065      0.368451804    
   4.87337923      0.421083182    
   4.87339020      0.473713398    
   4.87340593      0.526342511    
   4.87342834      0.578970850    
   4.87345982      0.631598413    
   4.87350368      0.684225738    
   4.87356329      0.736852944    
   4.87364483      0.789480448    
   4.87375736      0.842108548    
   4.87391376      0.894737780    
   4.87413406      0.947368205    
   4.87444782       1.00000000    

   4.93644285       0.00000000    
   4.93655682       5.26336618E-02
   4.93661451      0.105266251    
   4.93664646      0.157897875    
   4.93666363      0.210528657    
   4.93667364      0.263158590    
   4.93667984      0.315788060    
   4.93668556      0.368417114    
   4.93669033      0.421045601    
   4.93669701      0.473673701    
   4.93670511      0.526301682    
   4.93671703      0.578929961    
   4.93673372      0.631558537    
   4.93675709      0.684187770    
   4.93678904      0.736818135    
   4.93683338      0.789449871    
   4.93689537      0.842083275    
   4.93698502      0.894719005    
   4.93712091      0.947357535    
   4.93734741       1.00000000    

   5.00000000       0.00000000    
   5.00000000       5.26301488E-02
   5.00000000      0.105256595    
   5.00000000      0.157882690    
   5.00000000      0.210507005    
   5.00000000      0.263131827    
   5.00000000      0.315757394    
   5.00000000      0.368382424    
   5.00000000      0.421007335    
   5.00000000      0.473632991    
   5.00000000      0.526259601    
   5.00000000      0.578887463    
   5.00000000      0.631516695    
   5.00000000      0.684147477    
   5.00000000      0.736780167    
   5.00000000      0.789415300    
   5.00000000      0.842053413    
   5.00000000      0.894695103    
   5.00000000      0.947341025    
   5.00000000       1.00000000    

